Randomly generated matrix A = 
  0.840188  0.394383  0.783099   0.79844
  0.911647  0.197551  0.335223   0.76823
  0.277775   0.55397  0.477397  0.628871
  0.364784  0.513401   0.95223  0.916195
  0.635712  0.717297  0.141603  0.606969
 0.0163006  0.242887  0.137232  0.804177
Orthogonal matrix from decomposition Q =
  0.572785 -0.161116  0.328031 -0.167089
  0.621502 -0.488951 -0.125813  0.322467
  0.189369  0.524318 0.0588229 -0.102503
  0.248686  0.396623  0.662606-0.0241375
  0.433387  0.449287 -0.658519 -0.206106
 0.0111127  0.317634-0.0202997  0.902511

Upper triangular matrix from decomposition R=
   1.46685  0.894822   1.04699   1.55371
         0   0.73337  0.445116  0.716981
         0         0  0.777707  0.393304
         0         0         0  0.628421

Q^T*Q (should be identity) = 
         12.91867e-162.64166e-162.2031e-16
2.91867e-16         1-6.85216e-17-5.55112e-17
2.64166e-16-6.85216e-17         1-1.83881e-16
2.2031e-16-5.55112e-17-1.83881e-16         1

QR (should be A) = 
  0.840188  0.394383  0.783099   0.79844
  0.911647  0.197551  0.335223   0.76823
  0.277775   0.55397  0.477397  0.628871
  0.364784  0.513401   0.95223  0.916195
  0.635712  0.717297  0.141603  0.606969
 0.0163006  0.242887  0.137232  0.804177

We shall now solve Px=b for square P
Randomly generated square matrix P=
  0.156679  0.400944   0.12979  0.108809  0.998925  0.218257
  0.512932  0.839112   0.61264  0.296032  0.637552  0.524287
  0.493583  0.972775  0.292517  0.771358  0.526745  0.769914
  0.400229  0.891529  0.283315  0.352458  0.807725  0.919026
 0.0697553  0.949327  0.525995 0.0860558  0.192214  0.663227
  0.890233  0.348893 0.0641713  0.020023  0.457702 0.0630958


x=
  0.856088
  -1.32359
   1.30395
  0.643163
  0.168791
   1.04007

b=
   0.23828
  0.970634
  0.902208
   0.85092
  0.266666
   0.53976

Checking if Px=b, Px=
   0.23828
  0.970634
  0.902208
   0.85092
  0.266666
   0.53976
