      0.01    99.4326    99.4326    99.4326
     0.135     6.9493     6.9493     6.9493
      0.26    3.47845    3.47845    3.47845
     0.385    2.30697    2.30697    2.30697
      0.51    1.73842    1.73842    1.73842
     0.635    1.41407    1.41407    1.41407
      0.76    1.21234    1.21234    1.21234
     0.885    1.08103    1.08103    1.08103
      1.01   0.994326   0.994326   0.994326
     1.135   0.938156   0.938156   0.938156
      1.26   0.904397   0.904397   0.904397
     1.385   0.888184   0.888184   0.888184
      1.51   0.886592   0.886592   0.886592
     1.635   0.897933   0.897933   0.897933
      1.76   0.921375   0.921375   0.921375
     1.885   0.956715   0.956715   0.956715
      2.01    1.00427    1.00427    1.00427
     2.135    1.06481    1.06481    1.06481
      2.26    1.13954    1.13954    1.13954
     2.385    1.23013    1.23013    1.23013
      2.51    1.33875    1.33875    1.33875
     2.635    1.46812    1.46812    1.46812
      2.76    1.62162    1.62162    1.62162
     2.885    1.80341    1.80341    1.80341
      3.01    2.01858    2.01858    2.01858
     3.135    2.27336    2.27336    2.27336
      3.26    2.57536    2.57536    2.57536
     3.385    2.93387    2.93387    2.93387
      3.51    3.36027    3.36027    3.36027
     3.635     3.8685     3.8685     3.8685
      3.76    4.47567    4.47567    4.47567
     3.885    5.20283    5.20283    5.20283
      4.01    6.07593    6.07593    6.07593
     4.135    7.12699    7.12699    7.12699
      4.26    8.39568    8.39568    8.39568
     4.385    9.93116    9.93116    9.93116
      4.51    11.7946    11.7946    11.7946
     4.635     14.062     14.062     14.062
      4.76    16.8285    16.8285    16.8285
     4.885     20.213     20.213     20.213
      5.01    24.3645    24.3645    24.3645
     5.135    29.4701    29.4701    29.4701
      5.26    35.7656    35.7656    35.7656
     5.385    43.5481    43.5481    43.5481
