0.5 0.840188
1.5 0.694383
2.5 1.3831
3.5 1.69844
4.5 2.11165
5.5 1.69755
6.5 2.13522
7.5 2.86823
8.5 2.67777
9.5 3.25397


0.5 0.840188 0 0.840188 0
0.6 0.825607 0.0832897 0.825607 0.0832897
0.7 0.811027 0.165121 0.811027 0.165121
0.8 0.796446 0.245495 0.796446 0.245495
0.9 0.781866 0.324411 0.781866 0.324411
1 0.767285 0.401868 0.767285 0.401868
1.1 0.752705 0.477868 0.752705 0.477868
1.2 0.738124 0.552409 0.738124 0.552409
1.3 0.723544 0.625493 0.723544 0.625493
1.4 0.708963 0.697118 0.708963 0.697118
1.5 0.694383 0.767285 0.694383 0.767285
1.6 0.763255 0.840167 0.763255 0.840167
1.7 0.832126 0.919936 0.832126 0.919936
1.8 0.900998 1.00659 0.900998 1.00659
1.9 0.969869 1.10014 0.969869 1.10014
2 1.03874 1.20057 1.03874 1.20057
2.1 1.10761 1.30788 1.10761 1.30788
2.2 1.17648 1.42209 1.17648 1.42209
2.3 1.24536 1.54318 1.24536 1.54318
2.4 1.31423 1.67116 1.31423 1.67116
2.5 1.3831 1.80603 1.3831 1.80603
2.6 1.41463 1.94591 1.41463 1.94591
2.7 1.44617 2.08895 1.44617 2.08895
2.8 1.4777 2.23515 1.4777 2.23515
2.9 1.50924 2.38449 1.50924 2.38449
3 1.54077 2.53699 1.54077 2.53699
3.1 1.5723 2.69265 1.5723 2.69265
3.2 1.60384 2.85145 1.60384 2.85145
3.3 1.63537 3.01341 1.63537 3.01341
3.4 1.66691 3.17853 1.66691 3.17853
3.5 1.69844 3.3468 1.69844 3.3468
3.6 1.73976 3.51871 1.73976 3.51871
3.7 1.78108 3.69475 1.78108 3.69475
3.8 1.8224 3.87492 1.8224 3.87492
3.9 1.86372 4.05923 1.86372 4.05923
4 1.90504 4.24767 1.90504 4.24767
4.1 1.94636 4.44024 1.94636 4.44024
4.2 1.98769 4.63694 1.98769 4.63694
4.3 2.02901 4.83777 2.02901 4.83777
4.4 2.07033 5.04274 2.07033 5.04274
4.5 2.11165 5.25184 2.11165 5.25184
4.6 2.07024 5.46093 2.07024 5.46093
4.7 2.02883 5.66589 2.02883 5.66589
4.8 1.98742 5.8667 1.98742 5.8667
4.9 1.94601 6.06337 1.94601 6.06337
5 1.9046 6.2559 1.9046 6.2559
5.1 1.86319 6.44429 1.86319 6.44429
5.2 1.82178 6.62854 1.82178 6.62854
5.3 1.78037 6.80865 1.78037 6.80865
5.4 1.73896 6.98461 1.73896 6.98461
5.5 1.69755 7.15644 1.69755 7.15644
5.6 1.74132 7.32838 1.74132 7.32838
5.7 1.78509 7.5047 1.78509 7.5047
5.8 1.82885 7.6854 1.82885 7.6854
5.9 1.87262 7.87047 1.87262 7.87047
6 1.91639 8.05992 1.91639 8.05992
6.1 1.96015 8.25375 1.96015 8.25375
6.2 2.00392 8.45195 2.00392 8.45195
6.3 2.04769 8.65454 2.04769 8.65454
6.4 2.09146 8.86149 2.09146 8.86149
6.5 2.13522 9.07283 2.13522 9.07283
6.6 2.20852 9.29001 2.20852 9.29001
6.7 2.28182 9.51453 2.28182 9.51453
6.8 2.35512 9.74638 2.35512 9.74638
6.9 2.42843 9.98556 2.42843 9.98556
7 2.50173 10.2321 2.50173 10.2321
7.1 2.57503 10.4859 2.57503 10.4859
7.2 2.64833 10.7471 2.64833 10.7471
7.3 2.72163 11.0156 2.72163 11.0156
7.4 2.79493 11.2914 2.79493 11.2914
7.5 2.86823 11.5746 2.86823 11.5746
7.6 2.84918 11.8604 2.84918 11.8604
7.7 2.83014 12.1444 2.83014 12.1444
7.8 2.81109 12.4265 2.81109 12.4265
7.9 2.79205 12.7066 2.79205 12.7066
8 2.773 12.9849 2.773 12.9849
8.1 2.75396 13.2612 2.75396 13.2612
8.2 2.73491 13.5357 2.73491 13.5357
8.3 2.71587 13.8082 2.71587 13.8082
8.4 2.69682 14.0788 2.69682 14.0788
8.5 2.67777 14.3476 2.67777 14.3476
8.6 2.73539 14.6182 2.73539 14.6182
8.7 2.79301 14.8946 2.79301 14.8946
8.8 2.85063 15.1768 2.85063 15.1768
8.9 2.90825 15.4648 2.90825 15.4648
9 2.96587 15.7585 2.96587 15.7585
9.1 3.02349 16.0579 3.02349 16.0579
9.2 3.08111 16.3632 3.08111 16.3632
9.3 3.13873 16.6742 3.13873 16.6742
9.4 3.19635 16.9909 3.19635 16.9909
9.5 3.25397 17.3134 3.25397 17.3134
