1           142.3          158.37          158.37 
2         201.931         249.998         249.994 
3         281.884         388.294         388.277 
4         380.495         582.018         581.961 
5         497.417         842.674         842.507 
6         670.957         1259.32         1258.83 
7          953.32         1996.82         1995.28 
8          1299.7         3016.93         3012.68 
9         1704.08         4356.16         4345.69 
10         2162.36         6152.53         6128.26 
11         2671.55         8459.93         8407.43 
12         3229.37         11275.8         11170.4 
13          3851.5         14924.3         14718.1 
14         5625.56         24168.4         23570.7 
15         7882.31         37566.3         35985.8 
16         10555.8         55513.7         51791.5 
17         14910.7         85818.7         76386.9 
18         21258.1          131918          108811 
19         30845.1          201432          147256 
20         44225.2          294291          181254 
21         64406.8          414738          201496 
22           92561          543235          198332 
23          132451          657423          174421 
24          188339          729081          139242 
25          265485          741004          102951 
26          364949          697220         72488.8 
27          500942          612255         48422.9 
28          673855          508317           31249 
29          883615          403752           19601 
30     1.12332e+06          310032         12046.9 
31     1.37778e+06          232276         7303.72 
32     1.62482e+06          171181         4412.67 
33     1.84003e+06          124993         2691.27 
34     2.00315e+06         90958.9         1660.43 
35     2.10286e+06         66258.4         1090.52 
36     2.13806e+06         48455.5          720.48 
37     2.11574e+06         35633.6          562.04 
38     2.04741e+06         26375.7         450.042 
39     1.94582e+06         19643.9         331.069 
40     1.82371e+06         14724.2          235.02 
41     1.68893e+06         11112.2         270.704 
42     1.54983e+06         8429.02         214.099 
43     1.41182e+06         6422.02         245.538 
44      1.2786e+06         4924.92         176.446 
45     1.15251e+06         3798.41         395.896 
46     1.03489e+06         2915.17         213.621 
47          926397         2263.31         184.972 
48          827163          1776.3         448.937 
49          737006         1434.44         403.615 
50          655532         1154.53         292.256 
51          582216         905.419         208.372 
52          516470         711.707         263.107 
53          457680         636.331         375.303 
54          405233         504.005         623.991 
55          358534         403.246         525.319 
56          317020           341.2         467.443 
57          280165         307.798         451.423 
58          247484         348.299         603.468 
59          218535         241.065         380.248 
60          192907         244.918         450.308 
61          170238          193.85         313.765 
62          150201         283.828         712.145 
63          132496         221.993         556.504 
64          116858         176.068         389.198 
65          103053         160.962         359.209 
66         90873.5          159.85         410.271 
67           80122         174.005         582.284 
68         70639.5         221.216         960.006 
69         62277.3         332.145         1117.34 
70         54906.3         237.494          1225.4 
71         48400.2         167.664         890.159 
72         42670.7         295.436         1483.77 
73         37626.1           293.4         1285.89 
74         33176.3         227.492         1597.81 
75         29250.7         573.435         1851.94 
76         25792.8         238.336         1863.63 
77         22747.5         666.346         1751.09 
78         20066.5         308.747         713.083 
79         17700.4         537.892         2441.59 
80         15618.5         519.697         2570.79 
81         13770.9         333.724         1342.03 
82           12149         979.203         2292.09 
83         10730.1         591.982         1540.55 
84          9489.8         437.155         2151.79 
85         8361.48         1366.68          1048.1 
86         7391.16         969.917         1417.25 
87         6544.94         616.592         1323.43 
88         5768.28           885.2         1234.32 
89         5122.49         1898.75         1330.61 
90         4513.19         1459.76         1093.39 
91         4012.04         1022.69         1318.78 
92         3538.16         941.452         1276.15 
93         3155.41         1557.35         915.712 
94         2778.56         1225.87         809.005 
95         2499.11         1091.79         1014.56 
96         2190.47         1061.47         1021.31 
97          1962.1         1478.99         1103.71 
98          1745.2         1386.53         1035.88 
99         1540.48         1202.89         784.025 
