1           16.92         38.3482         60.9725 
2         40.7732         104.866         176.294 
3         72.7555         214.656         381.064 
4         112.202         380.963         713.531 
5         158.974          619.48         1221.34 
6         228.399         1013.31         2092.56 
7         341.369         1733.97         3730.11 
8         479.955         2772.76         6218.52 
9         641.759         4184.74         9779.69 
10         825.135         6160.29         14935.1 
11         1028.89         8776.73         22037.4 
12         1252.11         12035.1         31293.9 
13         1501.08         16365.2         43921.1 
14         2211.78         27209.4         75032.5 
15         3116.15         43392.7          122463 
16         4187.84         65723.8          188881 
17         5936.58          104486          302657 
18         8489.66          166056          478064 
19         12356.5          264973          742080 
20         17773.9          410531     1.09214e+06 
21         25991.1          629216     1.54137e+06 
22         37548.2          922828      2.0345e+06 
23         54114.1     1.29685e+06     2.53318e+06 
24         77713.1     1.73645e+06     2.99512e+06 
25          111070     2.21231e+06     3.39571e+06 
26          155504      2.6748e+06     3.71946e+06 
27          219111     3.12639e+06       3.995e+06 
28          305397     3.53327e+06     4.22301e+06 
29          419811     3.88855e+06     4.41656e+06 
30          567297     4.19329e+06     4.58613e+06 
31          751170      4.4525e+06     4.73875e+06 
32          971960     4.67218e+06     4.87794e+06 
33     1.22671e+06     4.85779e+06      5.0047e+06 
34     1.50911e+06     5.01399e+06     5.11878e+06 
35     1.81055e+06     5.14469e+06     5.21966e+06 
36     2.12153e+06     5.25342e+06     5.30741e+06 
37     2.43306e+06      5.3434e+06     5.38251e+06 
38     2.73756e+06      5.4176e+06     5.44617e+06 
39     3.02928e+06     5.47872e+06     5.49979e+06 
40     3.30226e+06     5.52874e+06     5.54442e+06 
41     3.55831e+06     5.57031e+06     5.58197e+06 
42     3.79417e+06     5.60473e+06     5.61351e+06 
43     4.00966e+06     5.63332e+06     5.63989e+06 
44     4.20527e+06     5.65715e+06     5.66218e+06 
45     4.38189e+06     5.67711e+06      5.6807e+06 
46     4.54071e+06     5.69393e+06     5.69677e+06 
47     4.68301e+06     5.70811e+06     5.71029e+06 
48     4.81018e+06     5.72012e+06     5.72151e+06 
49     4.92354e+06      5.7303e+06     5.73138e+06 
50     5.02442e+06     5.73902e+06     5.73993e+06 
51     5.11404e+06     5.74653e+06     5.74726e+06 
52     5.19355e+06     5.75298e+06     5.75345e+06 
53     5.26403e+06     5.75845e+06     5.75873e+06 
54     5.32642e+06     5.76326e+06     5.76314e+06 
55     5.38163e+06     5.76742e+06     5.76729e+06 
56     5.43044e+06       5.771e+06     5.77087e+06 
57     5.47357e+06      5.7741e+06     5.77395e+06 
58     5.51167e+06     5.77673e+06     5.77646e+06 
59     5.54529e+06     5.77917e+06     5.77902e+06 
60     5.57498e+06     5.78119e+06     5.78098e+06 
61     5.60117e+06     5.78303e+06      5.7829e+06 
62     5.62427e+06     5.78448e+06     5.78404e+06 
63     5.64464e+06     5.78591e+06     5.78556e+06 
64      5.6626e+06     5.78715e+06     5.78693e+06 
65     5.67843e+06     5.78821e+06     5.78801e+06 
66     5.69238e+06     5.78913e+06     5.78887e+06 
67     5.70469e+06     5.78992e+06      5.7895e+06 
68     5.71552e+06     5.79058e+06     5.78981e+06 
69     5.72508e+06     5.79108e+06     5.79026e+06 
70     5.73349e+06     5.79172e+06      5.7907e+06 
71     5.74091e+06     5.79228e+06     5.79153e+06 
72     5.74744e+06     5.79256e+06     5.79133e+06 
73     5.75319e+06     5.79293e+06     5.79191e+06 
74     5.75826e+06     5.79333e+06     5.79191e+06 
75     5.76273e+06     5.79325e+06     5.79192e+06 
76     5.76666e+06     5.79386e+06     5.79217e+06 
77     5.77013e+06     5.79362e+06      5.7925e+06 
78     5.77318e+06      5.7942e+06     5.79378e+06 
79     5.77587e+06     5.79413e+06     5.79215e+06 
80     5.77823e+06      5.7943e+06     5.79217e+06 
81     5.78033e+06     5.79463e+06     5.79358e+06 
82     5.78218e+06     5.79406e+06      5.7927e+06 
83     5.78379e+06     5.79457e+06     5.79359e+06 
84      5.7852e+06     5.79483e+06     5.79305e+06 
85     5.78648e+06     5.79392e+06     5.79425e+06 
86     5.78758e+06     5.79441e+06     5.79395e+06 
87     5.78855e+06     5.79485e+06     5.79412e+06 
88     5.78943e+06     5.79462e+06     5.79426e+06 
89     5.79016e+06     5.79359e+06     5.79418e+06 
90     5.79085e+06      5.7941e+06     5.79448e+06 
91     5.79142e+06      5.7946e+06      5.7943e+06 
92     5.79196e+06     5.79472e+06     5.79438e+06 
93      5.7924e+06      5.7941e+06     5.79476e+06 
94     5.79282e+06     5.79448e+06     5.79491e+06 
95     5.79314e+06     5.79464e+06     5.79472e+06 
96     5.79349e+06     5.79469e+06     5.79474e+06 
97     5.79375e+06     5.79427e+06     5.79466e+06 
98       5.794e+06     5.79438e+06     5.79474e+06 
99     5.79423e+06     5.79459e+06     5.79502e+06 
