1     5.99994e+06      5.9999e+06     5.99988e+06 
2     5.99986e+06     5.99975e+06     5.99967e+06 
3     5.99975e+06      5.9995e+06     5.99933e+06 
4     5.99961e+06     5.99914e+06      5.9988e+06 
5     5.99944e+06     5.99864e+06     5.99804e+06 
6      5.9992e+06     5.99783e+06     5.99675e+06 
7     5.99881e+06     5.99637e+06     5.99437e+06 
8     5.99832e+06     5.99431e+06     5.99087e+06 
9     5.99775e+06     5.99156e+06     5.98597e+06 
10     5.99711e+06     5.98779e+06     5.97904e+06 
11      5.9964e+06     5.98286e+06     5.96966e+06 
12     5.99562e+06     5.97679e+06     5.95764e+06 
13     5.99475e+06     5.96881e+06     5.94146e+06 
14     5.99226e+06     5.94872e+06      5.9015e+06 
15      5.9891e+06     5.91914e+06     5.84165e+06 
16     5.98536e+06     5.87886e+06     5.75943e+06 
17     5.97925e+06      5.8098e+06     5.62106e+06 
18     5.97035e+06     5.70213e+06     5.41323e+06 
19      5.9569e+06      5.5337e+06     5.11076e+06 
20      5.9381e+06     5.29528e+06      4.7267e+06 
21      5.9097e+06     4.95615e+06     4.25723e+06 
22     5.86999e+06     4.53404e+06     3.76727e+06 
23     5.81353e+06     4.04583e+06      3.2925e+06 
24     5.73405e+06     3.53457e+06     2.86574e+06 
25     5.62354e+06     3.04679e+06     2.50144e+06 
26     5.47965e+06     2.62808e+06     2.20815e+06 
27     5.28005e+06     2.26145e+06     1.95668e+06 
28     5.02085e+06     1.95851e+06     1.74584e+06 
29     4.69667e+06      1.7078e+06     1.56394e+06 
30     4.30948e+06     1.49678e+06     1.40192e+06 
31     3.87116e+06     1.31532e+06     1.25405e+06 
32     3.40332e+06     1.15674e+06     1.11775e+06 
33     2.93336e+06     1.01731e+06          992708 
34     2.48784e+06          895154          879656 
35     2.08669e+06          789149          779351 
36     1.74051e+06          698225          691971 
37      1.4513e+06          621065          617031 
38     1.21512e+06          556120          553479 
39       1.025e+06          501741          499982 
40          874128          456636          455444 
41          752862          418674          417862 
42          656103          386944          386378 
43          578613          360360          359966 
44          516230          338025          337741 
45          465698          319193          319002 
46          424500          303258          303114 
47          390689          289730          289625 
48          362762          278208          278143 
49          339551          268363          268314 
50          320150          259922          259883 
51          303845          252663          252632 
52          290075          246407          246388 
53          278394          241010          240999 
54          268444          236332          236337 
55          259938          232276          232281 
56          252642          228754          228759 
57          246365          225691          225696 
58          240951          223026          223036 
59          236271          220693          220698 
60          232215          218661          218668 
61          228694          216881          216885 
62          225633          215333          215349 
63          222968          213968          213981 
64          220644          212773          212781 
65          218616          211727          211734 
66          216843          210811          210820 
67          215293          210007          210022 
68          213936          209304          209330 
69          212747          208691          208719 
70          211705          208140          208175 
71          210790          207656          207682 
72          209989          207243          207286 
73          209285          206874          206909 
74          208667          206544          206593 
75          208124          206279          206325 
76          207646          206006          206064 
77          207227          205812          205850 
78          206858          205594          205608 
79          206534          205437          205504 
80          206248          205284          205357 
81          205995          205138          205174 
82          205774          205062          205108 
83          205580          204934          204968 
84          205411          204835          204895 
85          205257          204812          204801 
86          205125          204716          204732 
87          205009          204633          204658 
88          204904          204593          204606 
89          204816          204611          204591 
90          204733          204539          204526 
91          204664          204475          204485 
92          204600          204435          204447 
93          204548          204446          204424 
94          204496          204398          204383 
95          204458          204369          204366 
96          204416          204345          204343 
97          204385          204354          204341 
98          204355          204333          204320 
99          204328          204306          204291 
